6507906273595770
6507889505011140
6507839546943220
6507543794624200
6507484063788580
6507290141231010
6504847230027130
6504847226669770
6504846661568400
6504846074270220
6504843251131910
6504842294335400
6504842131247040
6504841204305880
6504840677580990
6503991344806360
6503943325157350
6503018786147200
6503013526438030
6502687368642270
6501673410127600
6501559208681110
6501558265077830
6501557086216000
6501555140693610
6501551493675420
6501550929596450
6011959771209650
6011956687960200
6011953060997930
6011952714472670
6011952314370410
6011951750459090
6011951422027670
6011951235112900
6011951109174590
6011951039938290
6011946914441110
6011944830166480
6011498529670600
6011497788099300
6011497634154640
6011496415981060
6011495071006670
6011494604323240
6011494035517450
6011494009307870
6011493461026930
6011491721736950
6011459750807630
6011452602597510
6011450034934570
6011409314217300
6011401495702490
6011401275494760
6011390767894380
6011355366281080
6011298444780950
6011295301499890
6011292919081740
6011241496289220
6011229577371410
6011227468469360
6011225622980600
6011223554779430
6011222877217290
6011222792223040
6011222186347750
6011208767578140
6011200946625560
6011029476125320
6011029439769190
6011029016386110
6011026439824060
6011025270515810
6011020434560970
5530280209901160
5449728995506160
5449728975592420
5449728973558480
5449728960544200
5449728943724120
5444300925117490
5408167305033250
5369364493634470
5369364484553250
5369364451545400
5369364444652690
5369364428756870
5369364424811220
5369364406709800
5334500527942580
4946425495500160
4946424347125560
4946420298234480
4941128965950620
4941126065065920
4941125170592110
4941121351036220
4941120100675360
4901169625470770
4864851121417700
4857382549757630
4857382543904410
4857382532215930
4857382519734710
4857382510616160
4857382503134050
4857382500890820
4854255378624250
4843259940036520
4843259671818710
4843258782577320
4843258308699750
4843255959197170
4843254169720340
4843253719690540
4843251662251350
4843250181374930
4839000758451750
4820043809887440
4758012575255700
4744719417417260
4744717600624360
4744716016084930
4744715200436650
4744715195570960
4744715130715910
4705274397192340
4638121002934900
4616523546402840
4616521006136680
4614868076181380
4610086019382690
4606884766347280
4602666666647160
4602664405857170
4602662666359450
4602661764186750
4566209698159260
4566209388031890
4566208252412630
4566208058044430
4566207605726800
4566204528657940
4566204528587710
4566202548626720
4566202063750830
4566201910949710
4566201493450110
4566198900503860
4566198615142030
4566198231434270
4566197862377980
4566195604257760
4566194769291350
4566194339595410
4566193309578370
4566192786007060
4566191241447450
4566191082509810
4556876387737480
4556873960502420
4556871630464160
4556871612780810
4556869988568760
4545828271454050
4498493171366180
4491028125008960
4485250043613190
4484482596376590
4484482593685190
4484482566594910
4484482556684910
4484482540979130
4484482537191710
4447480463718240
4447151744387440
4442913802209000
4418984062243750
4399964805346750
4399962053171400
4399961885646740
4399961075068650
4399944359572230
4386127632554220
4386120008276110
4361340459356330
4357978730105480
4331676379971460
4317953269561520
4316819982843440
4316818581529280
4316818558046790
4316817519096290
4316815811222720
4316815774223240
4316815554504410
4316814873131990
4316811299363140
4316811085584670
4316811065524600
4316810205058340
4307930997515420
4305918233337610
4305915825770590
4305914452515210
4305914217804370
4305914086363480
4300168817635970
4300168474000440
4300168310188600
4300167757243230
4300167530848130
4300167414834990
4300166205162970
4300165340677290
4300164502394290
4264851533797720
4260611281063260
4260611267782150
4260611239275420
4260611230820700
4226637764413290
4223637078235300
4217992042216660
4217030474423770
4176925409134260
4121255316085510
4102947251625580
4095518406731100
4094135814676040
4079735036855160
4070558380419400
4070558097987670
4070557808552510
4070554487146950
4070553493780930
4070552880950250
4070552801857910
4070551029738280
4070550508869300
4047532611646580
4035041672964590
4026013169461610
4024529356035560
346497166511130
346497161346375
346497160857000
346497160582723
346497160280526
340503678298763
340503677749584
340503676751144
340503676702626
340503675799946
340503675635793
340503675580593
340503674357837
340503674033271
340503673592681
340503673435881
340503673165868
340503671776187
340503671373209
340503670909763
340503670238684
